36 27 4 3 1 72 36 2 1 4 64 72 8 9 8
512 576 8 9 1 512 512 2 2 8 256 512 1 2 16 256 256 2 2 16 128 256 1 2 32 128 128 2 2 32 64 128 1 2 64
512 576 8 9 1 512 512 2 2 8 512 512 2 2 16 256 512 1 2 32 256 256 2 2 32 256 256 2 2 64 128 256 1 2 128
1024 1152 8 9 1 1024 1024 2 2 8 1024 1024 2 2 16 1024 1024 2 2 32 512 1024 2 4 64 256 512 1 2 128 128 256 1 2 128
1024 1152 8 9 1 1024 1024 2 2 8 1024 1024 2 2 16 1024 1024 2 2 32 512 1024 2 4 64 512 512 2 2 128 256 512 1 2 256
2048 2304 8 9 1 2048 2048 2 2 8 2048 2048 2 2 16 2048 2048 2 2 32 1024 2048 2 4 64 512 1024 2 4 128 256 512 1 2 256
2048 2304 8 9 1 2048 2048 2 2 8 2048 2048 2 2 16 2048 2048 2 2 32 1024 2048 2 4 64 512 1024 2 4 128 256 512 1 2 256
2048 2304 8 9 1 2048 2048 2 2 8 2048 2048 2 2 16 2048 2048 2 2 32 1024 2048 2 4 64 512 1024 2 4 128 512 512 2 2 256
4096 4608 8 9 1 4096 4096 2 2 8 4096 4096 2 2 16 4096 4096 2 2 32 2048 4096 2 4 64 1024 2048 2 4 128 512 1024 2 4 256
4096 4608 8 9 1 4096 4096 2 2 8 4096 4096 2 2 16 4096 4096 2 2 32 2048 4096 2 4 64 1024 2048 2 4 128 512 1024 2 4 256
4096 4608 8 9 1 4096 4096 2 2 8 4096 4096 2 2 16 4096 4096 2 2 32 2048 4096 2 4 64 1024 2048 2 4 128 512 1024 2 4 256
4096 4608 8 9 1 4096 4096 2 2 8 4096 4096 2 2 16 4096 4096 2 2 32 2048 4096 2 4 64 1024 2048 2 4 128 512 1024 2 4 256
4096 4608 8 9 1 4096 4096 2 2 8 4096 4096 2 2 16 4096 4096 2 2 32 2048 4096 2 4 64 1024 2048 2 4 128 512 1024 2 4 256
512 512 2 2 1 256 512 1 2 2 256 256 2 2 2 128 256 1 2 4 100 128 25 32 4