36 27 4 3 1 72 36 2 1 4 64 72 8 9 8
768 576 4 3 1 384 768 1 2 4 256 384 4 6 4 128 256 4 8 16 64 128 1 2 64
768 576 16 12 1 384 768 2 4 16 256 384 2 3 32 128 256 2 4 64
1536 1152 16 12 1 768 1536 2 4 16 512 768 4 6 32 256 512 1 2 128 128 256 1 2 128
1536 1152 16 12 1 768 1536 4 8 16 512 768 4 6 64 256 512 1 2 256
3072 2304 32 24 1 2048 3072 2 3 32 1024 2048 1 2 64 512 1024 4 8 64 256 512 1 2 256
3072 2304 32 24 1 2048 3072 2 3 32 1024 2048 1 2 64 512 1024 4 8 64 256 512 1 2 256
3072 2304 32 24 1 2048 3072 2 3 32 2048 2048 4 4 64 1024 2048 2 4 256 512 1024 1 2 512
8192 4608 32 18 1 8192 8192 2 2 32 4096 8192 2 4 64 2048 4096 2 4 128 1024 2048 2 4 256 512 1024 1 2 512
8192 4608 32 18 1 8192 8192 2 2 32 4096 8192 2 4 64 2048 4096 2 4 128 1024 2048 2 4 256 512 1024 1 2 512
8192 4608 32 18 1 8192 8192 2 2 32 4096 8192 2 4 64 2048 4096 2 4 128 1024 2048 2 4 256 512 1024 1 2 512
8192 4608 32 18 1 8192 8192 2 2 32 4096 8192 2 4 64 2048 4096 2 4 128 1024 2048 2 4 256 512 1024 1 2 512
8192 4608 32 18 1 8192 8192 2 2 32 4096 8192 2 4 64 2048 4096 2 4 128 1024 2048 2 4 256 512 1024 1 2 512
640 512 10 8 1 320 640 2 4 10 160 320 1 2 20 100 160 5 8 20